x
7.49282197008055
1.84817575198416
1.49375576096629
1.37452759901647
1.21619284094509
1.11768438364501
1.01596566891989
0.990839945208931
0.941334599526803
0.865605525548327
0.81114856730962
0.728977140686979
0.676410513128837
0.673097572434099
0.628333047892039
0.622667526172336
0.610584958534583
0.596629118960321
0.556837566629133
0.535760844943531
0.452105833083901
0.413412653988017
0.328140701283441
0.292710128180295
0.261167809906617
0.252857788539498
0.202254182485229
9.81159598012482e-15
